[gd_scene load_steps=8 format=3 uid="uid://c1fg2kevvqvm1"]

[ext_resource type="PackedScene" uid="uid://buxx8bxc0y6a8" path="res://objects/world_nodes.tscn" id="1_hcboa"]
[ext_resource type="PackedScene" uid="uid://wdtsu7b21k3j" path="res://objects/player.tscn" id="2_noh08"]
[ext_resource type="PackedScene" uid="uid://0h5dr3rsftd4" path="res://objects/mirror.tscn" id="3_6xxrh"]
[ext_resource type="PackedScene" uid="uid://csgcpmpema2ta" path="res://objects/emitter.tscn" id="4_6dgv8"]
[ext_resource type="PackedScene" uid="uid://cjecxrn8grcvf" path="res://objects/wall.tscn" id="5_so8cg"]
[ext_resource type="PackedScene" uid="uid://bnnuj7j4mqu3n" path="res://objects/glow_block.tscn" id="6_hjta4"]
[ext_resource type="PackedScene" uid="uid://c38gfk35326dg" path="res://objects/transmit_glow_block.tscn" id="7_cm78x"]

[node name="Tutroial5" type="Node3D"]

[node name="World" parent="." instance=ExtResource("1_hcboa")]

[node name="Player Block" parent="World" instance=ExtResource("2_noh08")]
transform = Transform3D(1, 0, 0, 0, 1, 0, 0, 0, 1, 2, 0, 2)

[node name="Enivronment" type="Node3D" parent="."]

[node name="Mirrors" type="Node3D" parent="Enivronment"]

[node name="Mirror Block" parent="Enivronment/Mirrors" instance=ExtResource("3_6xxrh")]
transform = Transform3D(0.707107, 0, -0.707107, 0, 1, 0, 0.707107, 0, 0.707107, -4, 0, -5)

[node name="Mirror Block2" parent="Enivronment/Mirrors" instance=ExtResource("3_6xxrh")]
transform = Transform3D(0.707107, 0, 0.707107, 0, 1, 0, -0.707107, 0, 0.707107, 2, 0, -5)

[node name="Mirror Block3" parent="Enivronment/Mirrors" instance=ExtResource("3_6xxrh")]
transform = Transform3D(0.707107, 0, 0.707107, 0, 1, 0, -0.707107, 0, 0.707107, -4, 0, -3)

[node name="Mirror Block4" parent="Enivronment/Mirrors" instance=ExtResource("3_6xxrh")]
transform = Transform3D(0.707107, 0, -0.707107, 0, 1, 0, 0.707107, 0, 0.707107, 2, 0, -3)

[node name="Immovable" type="Node3D" parent="Enivronment"]

[node name="Laser (Red)" parent="Enivronment/Immovable" instance=ExtResource("4_6dgv8")]
transform = Transform3D(1, 0, 0, 0, 1, 0, 0, 0, 1, -3, 0, 2)
script = null

[node name="Wall" parent="Enivronment/Immovable" instance=ExtResource("5_so8cg")]
transform = Transform3D(1, 0, 0, 0, 1, 0, 0, 0, 1, -3, 0, -4)

[node name="Wall2" parent="Enivronment/Immovable" instance=ExtResource("5_so8cg")]
transform = Transform3D(1, 0, 0, 0, 1, 0, 0, 0, 1, 1, 0, -4)

[node name="Glow Block" parent="Enivronment/Immovable" instance=ExtResource("6_hjta4")]
transform = Transform3D(1, 0, 0, 0, 1, 0, 0, 0, 1, -1, 0, -4)
script = null

[node name="Transmit Glow Block" parent="Enivronment/Immovable" instance=ExtResource("7_cm78x")]
transform = Transform3D(1, 0, 0, 0, 1, 0, 0, 0, 1, -3, 0, -1)
script = null

[node name="Wall3" parent="Enivronment/Immovable" instance=ExtResource("5_so8cg")]
transform = Transform3D(1, 0, 0, 0, 1, 0, 0, 0, 1, -3, 0, 0)

[node name="Moveable" type="Node3D" parent="Enivronment"]
