[gd_scene load_steps=6 format=3 uid="uid://w41wkkc5vrdv"]

[ext_resource type="PackedScene" uid="uid://buxx8bxc0y6a8" path="res://objects/world_nodes.tscn" id="1_cpqle"]
[ext_resource type="PackedScene" uid="uid://wdtsu7b21k3j" path="res://objects/player.tscn" id="2_bse17"]
[ext_resource type="PackedScene" uid="uid://csgcpmpema2ta" path="res://objects/emitter.tscn" id="3_1yipq"]
[ext_resource type="PackedScene" uid="uid://bnnuj7j4mqu3n" path="res://objects/glow_block.tscn" id="5_r4x04"]
[ext_resource type="PackedScene" uid="uid://dcdwsnfojj4ed" path="res://objects/mirror_block_neg45.tscn" id="7_d5vb1"]

[node name="Tutorial2" type="Node3D"]

[node name="World" parent="." instance=ExtResource("1_cpqle")]

[node name="Player Block" parent="World" instance=ExtResource("2_bse17")]

[node name="Enivronment" type="Node" parent="."]

[node name="Laser (Red)" parent="Enivronment" instance=ExtResource("3_1yipq")]
transform = Transform3D(1, 0, 0, 0, 1, 0, 0, 0, 1, -7, 0, 5)
script = null

[node name="Glow Block" parent="Enivronment" instance=ExtResource("5_r4x04")]
transform = Transform3D(1, 0, 0, 0, 1, 0, 0, 0, 1, 7, 0, -5)
script = null
metadata/objective_red = true
metadata/objective_blue = true

[node name="Mirrors" type="Node" parent="Enivronment"]

[node name="Mirror Block" parent="Enivronment/Mirrors" instance=ExtResource("7_d5vb1")]
transform = Transform3D(0.707107, 0, -0.707107, 0, 1, 0, 0.707107, 0, 0.707107, 4, 0, 1)

[node name="Mirror Block2" parent="Enivronment/Mirrors" instance=ExtResource("7_d5vb1")]
transform = Transform3D(0.707107, 0, -0.707107, 0, 1, 0, 0.707107, 0, 0.707107, -6, 0, -1)

[node name="Mirror Block3" parent="Enivronment/Mirrors" instance=ExtResource("7_d5vb1")]
transform = Transform3D(0.707107, 0, -0.707107, 0, 1, 0, 0.707107, 0, 0.707107, -7, 0, 0)

[node name="Emitter Block" parent="Enivronment" instance=ExtResource("3_1yipq")]
transform = Transform3D(1, 0, 0, 0, 1, 0, 0, 0, 1, -4, 0, 5)
metadata/beam_red = false
metadata/beam_green = true

[node name="Emitter Block2" parent="Enivronment" instance=ExtResource("3_1yipq")]
transform = Transform3D(1, 0, 0, 0, 1, 0, 0, 0, 1, -1, 0, 5)
metadata/beam_red = false
metadata/beam_blue = true
