[gd_scene load_steps=8 format=3 uid="uid://3l8a2lkk006"]

[ext_resource type="PackedScene" uid="uid://buxx8bxc0y6a8" path="res://objects/world_nodes.tscn" id="1_k8wxh"]
[ext_resource type="PackedScene" uid="uid://wdtsu7b21k3j" path="res://objects/player.tscn" id="2_efe7g"]
[ext_resource type="PackedScene" uid="uid://0h5dr3rsftd4" path="res://objects/mirror.tscn" id="3_fmmsh"]
[ext_resource type="PackedScene" uid="uid://csgcpmpema2ta" path="res://objects/emitter.tscn" id="4_3gyio"]
[ext_resource type="PackedScene" uid="uid://cjecxrn8grcvf" path="res://objects/wall.tscn" id="5_j1lov"]
[ext_resource type="PackedScene" uid="uid://bnnuj7j4mqu3n" path="res://objects/glow_block.tscn" id="6_xtmr6"]
[ext_resource type="PackedScene" uid="uid://c38gfk35326dg" path="res://objects/transmit_glow_block.tscn" id="7_pg5j5"]

[node name="Level8" type="Node3D"]

[node name="World" parent="." instance=ExtResource("1_k8wxh")]

[node name="Player Block" parent="World" instance=ExtResource("2_efe7g")]
transform = Transform3D(1, 0, 0, 0, 1, 0, 0, 0, 1, 2, 0, 2)

[node name="Enivronment" type="Node3D" parent="."]

[node name="Mirrors" type="Node3D" parent="Enivronment"]

[node name="Mirror Block" parent="Enivronment/Mirrors" instance=ExtResource("3_fmmsh")]
transform = Transform3D(0.707107, 0, -0.707107, 0, 1, 0, 0.707107, 0, 0.707107, -4, 0, -4)

[node name="Mirror Block2" parent="Enivronment/Mirrors" instance=ExtResource("3_fmmsh")]
transform = Transform3D(0.707107, 0, 0.707107, 0, 1, 0, -0.707107, 0, 0.707107, 2, 0, -4)

[node name="Mirror Block3" parent="Enivronment/Mirrors" instance=ExtResource("3_fmmsh")]
transform = Transform3D(0.707107, 0, 0.707107, 0, 1, 0, -0.707107, 0, 0.707107, -4, 0, -2)

[node name="Mirror Block4" parent="Enivronment/Mirrors" instance=ExtResource("3_fmmsh")]
transform = Transform3D(0.707107, 0, -0.707107, 0, 1, 0, 0.707107, 0, 0.707107, 2, 0, -2)

[node name="Immovable" type="Node3D" parent="Enivronment"]

[node name="Laser (Red)" parent="Enivronment/Immovable" instance=ExtResource("4_3gyio")]
transform = Transform3D(1, 0, 0, 0, 1, 0, 0, 0, 1, -1, 0, 2)
script = null

[node name="Wall" parent="Enivronment/Immovable" instance=ExtResource("5_j1lov")]
transform = Transform3D(1, 0, 0, 0, 1, 0, 0, 0, 1, -3, 0, -3)

[node name="Wall2" parent="Enivronment/Immovable" instance=ExtResource("5_j1lov")]
transform = Transform3D(1, 0, 0, 0, 1, 0, 0, 0, 1, 1, 0, -3)

[node name="Glow Block (Blue Target)" parent="Enivronment/Immovable" instance=ExtResource("6_xtmr6")]
transform = Transform3D(1, 0, 0, 0, 1, 0, 0, 0, 1, -1, 0, -3)
script = null
metadata/objective_green = false
metadata/objective_blue = true

[node name="Glow Block(Red Target)" parent="Enivronment/Immovable" instance=ExtResource("6_xtmr6")]
transform = Transform3D(1, 0, 0, 0, 1, 0, 0, 0, 1, -3, 0, -5)
metadata/objective_red = true
metadata/objective_green = false

[node name="Transmit Glow Block (Red target)" parent="Enivronment/Immovable" instance=ExtResource("7_pg5j5")]
transform = Transform3D(1, 0, 0, 0, 1, 0, 0, 0, 1, 1, 0, -1)
script = null
metadata/objective_red = true
metadata/objective_green = false

[node name="Laser (Blue)" parent="Enivronment/Immovable" instance=ExtResource("4_3gyio")]
transform = Transform3D(-1, 0, -8.74228e-08, 0, 1, 0, 8.74228e-08, 0, -1, -1, 0, -7)
script = null
metadata/beam_red = false
metadata/beam_blue = true

[node name="Moveable" type="Node3D" parent="Enivronment"]
