[gd_scene load_steps=10 format=3 uid="uid://cskv4x0ayy8ps"]

[ext_resource type="PackedScene" uid="uid://buxx8bxc0y6a8" path="res://objects/world_nodes.tscn" id="1_mt4jw"]
[ext_resource type="PackedScene" uid="uid://wdtsu7b21k3j" path="res://objects/player.tscn" id="2_ofult"]
[ext_resource type="PackedScene" uid="uid://0h5dr3rsftd4" path="res://objects/mirror.tscn" id="3_4v15n"]
[ext_resource type="PackedScene" uid="uid://csgcpmpema2ta" path="res://objects/emitter.tscn" id="4_hqgiv"]
[ext_resource type="PackedScene" uid="uid://cjecxrn8grcvf" path="res://objects/wall.tscn" id="5_ixx2b"]
[ext_resource type="PackedScene" uid="uid://bnnuj7j4mqu3n" path="res://objects/glow_block.tscn" id="6_nh48h"]
[ext_resource type="PackedScene" uid="uid://dthk2bvne4lc0" path="res://objects/filter.tscn" id="9_f774l"]
[ext_resource type="PackedScene" uid="uid://1dt13q1plnkr" path="res://objects/decorations/corner_border.tscn" id="10_jlifc"]
[ext_resource type="PackedScene" uid="uid://b4sp3lqumwuiy" path="res://objects/cuttable_block.tscn" id="11_2gqot"]

[node name="Node3D" type="Node3D"]

[node name="World" parent="." instance=ExtResource("1_mt4jw")]

[node name="Player Block" parent="World" instance=ExtResource("2_ofult")]
transform = Transform3D(1, 0, 0, 0, 1, 0, 0, 0, 1, 2, 0, 2)

[node name="Enivronment" type="Node3D" parent="."]

[node name="Mirrors" type="Node3D" parent="Enivronment"]

[node name="Mirror Block" parent="Enivronment/Mirrors" instance=ExtResource("3_4v15n")]
transform = Transform3D(0.92388, 0, -0.382684, 0, 1, 0, 0.382684, 0, 0.92388, -4, 0, -4)

[node name="Mirror Block2" parent="Enivronment/Mirrors" instance=ExtResource("3_4v15n")]
transform = Transform3D(0.92388, 0, 0.382684, 0, 1, 0, -0.382684, 0, 0.92388, 2, 0, -4)

[node name="Immovable" type="Node3D" parent="Enivronment"]

[node name="Wall" parent="Enivronment/Immovable" instance=ExtResource("5_ixx2b")]
transform = Transform3D(1, 0, 0, 0, 1, 0, 0, 0, 1, -3, 0, -4)

[node name="Wall2" parent="Enivronment/Immovable" instance=ExtResource("5_ixx2b")]
transform = Transform3D(1, 0, 0, 0, 1, 0, 0, 0, 1, 1, 0, -4)

[node name="Glow Block" parent="Enivronment/Immovable" instance=ExtResource("6_nh48h")]
transform = Transform3D(1, 0, 0, 0, 1, 0, 0, 0, 1, -3, 0, -5)
script = null
metadata/objective_red = true
metadata/objective_green = false

[node name="Emitter Block" parent="Enivronment/Immovable" instance=ExtResource("4_hqgiv")]
transform = Transform3D(-4.37114e-08, 0, -1, 0, 1, 0, 1, 0, -4.37114e-08, -7, 0, 2)
metadata/beam_green = true

[node name="Filter" parent="Enivronment/Immovable" instance=ExtResource("9_f774l")]
transform = Transform3D(0.92388, 0, 0.382684, 0, 1, 0, -0.382684, 0, 0.92388, 0, 0, 2)
can_move_h = false
can_move_v = false
can_push_others = false
metadata/transmit_blue = false

[node name="Corner Border" parent="Enivronment/Immovable/Filter" instance=ExtResource("10_jlifc")]
transform = Transform3D(0.923879, 0, -0.382683, 0, 1, 0, 0.382683, 0, 0.923879, 0, -0.875, 0)

[node name="Moveable" type="Node3D" parent="Enivronment"]

[node name="Cuttable Block" parent="." instance=ExtResource("11_2gqot")]
transform = Transform3D(1, 0, 0, 0, 1, 0, 0, 0, 1, 0, 0, -2)
metadata/objective_green = true
