[gd_scene load_steps=9 format=3 uid="uid://b0ikc0gaw20d1"]

[ext_resource type="PackedScene" uid="uid://buxx8bxc0y6a8" path="res://objects/world_nodes.tscn" id="1_i8led"]
[ext_resource type="PackedScene" uid="uid://wdtsu7b21k3j" path="res://objects/player.tscn" id="2_s8sd6"]
[ext_resource type="PackedScene" uid="uid://0h5dr3rsftd4" path="res://objects/mirror.tscn" id="3_123wi"]
[ext_resource type="PackedScene" uid="uid://csgcpmpema2ta" path="res://objects/emitter.tscn" id="4_3qy56"]
[ext_resource type="PackedScene" uid="uid://cjecxrn8grcvf" path="res://objects/wall.tscn" id="5_re1ae"]
[ext_resource type="PackedScene" uid="uid://bnnuj7j4mqu3n" path="res://objects/glow_block.tscn" id="6_cjo5h"]
[ext_resource type="PackedScene" uid="uid://c38gfk35326dg" path="res://objects/transmit_glow_block.tscn" id="7_fmpxt"]
[ext_resource type="PackedScene" uid="uid://u1lex88s588t" path="res://objects/block.tscn" id="8_pjvc5"]

[node name="Tutorial4" type="Node3D"]

[node name="World" parent="." instance=ExtResource("1_i8led")]

[node name="Player Block" parent="World" instance=ExtResource("2_s8sd6")]
transform = Transform3D(1, 0, 0, 0, 1, 0, 0, 0, 1, 2, 0, 2)

[node name="Enivronment" type="Node3D" parent="."]

[node name="Mirrors" type="Node3D" parent="Enivronment"]

[node name="Mirror Block" parent="Enivronment/Mirrors" instance=ExtResource("3_123wi")]
transform = Transform3D(0.707107, 0, -0.707107, 0, 1, 0, 0.707107, 0, 0.707107, -4, 0, -5)

[node name="Mirror Block2" parent="Enivronment/Mirrors" instance=ExtResource("3_123wi")]
transform = Transform3D(0.707107, 0, 0.707107, 0, 1, 0, -0.707107, 0, 0.707107, 2, 0, -5)

[node name="Mirror Block3" parent="Enivronment/Mirrors" instance=ExtResource("3_123wi")]
transform = Transform3D(0.707107, 0, 0.707107, 0, 1, 0, -0.707107, 0, 0.707107, -4, 0, -3)

[node name="Mirror Block4" parent="Enivronment/Mirrors" instance=ExtResource("3_123wi")]
transform = Transform3D(0.707107, 0, -0.707107, 0, 1, 0, 0.707107, 0, 0.707107, 2, 0, -3)

[node name="Immovable" type="Node3D" parent="Enivronment"]

[node name="Laser (Red)" parent="Enivronment/Immovable" instance=ExtResource("4_3qy56")]
transform = Transform3D(1, 0, 0, 0, 1, 0, 0, 0, 1, -3, 0, 2)
script = null

[node name="Wall" parent="Enivronment/Immovable" instance=ExtResource("5_re1ae")]
transform = Transform3D(1, 0, 0, 0, 1, 0, 0, 0, 1, -3, 0, -4)

[node name="Wall2" parent="Enivronment/Immovable" instance=ExtResource("5_re1ae")]
transform = Transform3D(1, 0, 0, 0, 1, 0, 0, 0, 1, 1, 0, -4)

[node name="Glow Block" parent="Enivronment/Immovable" instance=ExtResource("6_cjo5h")]
transform = Transform3D(1, 0, 0, 0, 1, 0, 0, 0, 1, -1, 0, -4)
script = null

[node name="Transmit Glow Block" parent="Enivronment/Immovable" instance=ExtResource("7_fmpxt")]
transform = Transform3D(1, 0, 0, 0, 1, 0, 0, 0, 1, -3, 0, -1)
script = null

[node name="Moveable" type="Node3D" parent="Enivronment"]

[node name="Block" parent="Enivronment/Moveable" instance=ExtResource("8_pjvc5")]
transform = Transform3D(1, 0, 0, 0, 1, 0, 0, 0, 1, -3, 0, 0)
